****************************************
Minimizer is Minuit2 / Migrad
Chi2                      =      1.05254
NDf                       =           21
Edm                       =  1.10625e-07
NCalls                    =           59
p0                        =     0.725934   +/-   0.153061    
p1                        =      57.7146   +/-   2.71213     

--- Risultati fit ---
iconzero = 0.725934 +/- 0.153061
etavuti  = 57.7146 +/- 2.71213