****************************************
Minimizer is Minuit2 / Migrad
Chi2                      =      0.16053
NDf                       =           14
Edm                       =  2.34015e-07
NCalls                    =          174
p0                        =  0.000527057   +/-   0.000403279 
p1                        =      53.2712   +/-   3.47247     

--- Risultati fit ---
iconzero = 0.000527057 +/- 0.000403279
etavuti  = 53.2712 +/- 3.47247